2308.03688
2403.06749
2403.07718
2404.07972
2405.14573
2406.12045
2406.13264
2407.05291
2407.12165
2407.13244
2408.04682
2410.09024
2412.05467
2412.14161
2412.17015
2501.06706
2502.05352
2504.07164
2504.14064
2505.18878
2506.02009
2506.03828
2508.01780
2508.07575
2508.14704
2508.20453
2509.05303
2509.09734
2509.24002
2509.26506
2510.27287
2511.10049
2601.11868
2601.20882
2601.22130
2603.15798
2603.20807
2604.12040
2604.12290
2604.19533
2604.21199
2605.07161
2605.12729
2606.04460
2606.08590
2606.12736
2606.28480
2606.29193
2607.20478
2607.20531
2607.26791
2608.02672
